4487
4011
5716
11651
8701
5128
9325
8542
7428
9448
8494
5514
5195
4503
7258
13472
10977
5696
10768
9993
8733
10841
9301
6004
5333
5861
8421
14293
12122
6191
12103
11524
10729
13501
12875
8085
6657
7464
9591
14790
12575
6169
11938
12683
10597
13050
12892
8854
7276
7796
8284
21050
16144
8794
15147
14788
12332
16634
16035
9275
8775
8705
10058
19725
15755
9026
16002
15232
13041
17751
16223
9788
8404
7705
7744
22403
16842
12528
16380
15243
13660
18129
16150
9755
7617
7099
10228
19534
14607
7562
13763
13284
