2665
3026
3721
7302
5865
3631
6041
5665
4961
6064
5535
3528
3166
3215
5250
10647
8548
4341
8355
8252
7481
9475
8294
5509
5249
5772
6965
12626
10692
5750
10143
10128
9502
12178
11551
7087
6275
6663
9718
15342
13247
6180
11812
13595
11027
14474
14475
9323
7678
8252
8049
22451
18042
9515
16716
16502
13171
18606
18132
9749
8601
8883
9719
23226
17906
9942
19094
17974
15130
20993
20276
11595
9174
8416
7554
23149
16784
13133
17978
17277
14282
18800
17323
10939
9821
8991
10870
22523
17179
8554
14936
14299
